# DESCRIPTION: Verilator output: Timestamp data for --skip-identical.  Delete at will.
C "--cc -Wno-fatal fx68k.v fx68k_MicroRom.v fx68k_NanoRom.v --exe sim_main.cpp"
S   6673152 25561364  1557758138   688671576  1557758138   688671576 "/usr/local/bin/verilator_bin"
S   1603335  7870819  1557835306   834233977  1557835306   834233977 "fx68k.v"
S     54550  7870820  1557835306   834233977  1557835306   834233977 "fx68k_MicroRom.v"
S     34194  7870821  1557835306   838234092  1557835306   838234092 "fx68k_NanoRom.v"
T   6577886  7871094  1557946584   318995967  1557946584   318995967 "obj_dir/Vfx68k.cpp"
T    410717  7871093  1557946584   174991726  1557946584   174991726 "obj_dir/Vfx68k.h"
T      1765  7871164  1557946584   398998325  1557946584   398998325 "obj_dir/Vfx68k.mk"
T     60709  7871158  1557946584   394998206  1557946584   394998206 "obj_dir/Vfx68k_CDN_mux136.cpp"
T      8231  7871157  1557946584   394998206  1557946584   394998206 "obj_dir/Vfx68k_CDN_mux136.h"
T    218053  7871092  1557946584   166991490  1557946584   166991490 "obj_dir/Vfx68k__Syms.cpp"
T     57814  7870817  1557946584   162991372  1557946584   162991372 "obj_dir/Vfx68k__Syms.h"
T      2455  7871165  1557946584   398998325  1557946584   398998325 "obj_dir/Vfx68k__ver.d"
T         0        0  1557946584   398998325  1557946584   398998325 "obj_dir/Vfx68k__verFiles.dat"
T      2070  7871163  1557946584   398998325  1557946584   398998325 "obj_dir/Vfx68k_classes.mk"
T     35092  7871160  1557946584   398998325  1557946584   398998325 "obj_dir/Vfx68k_fx68k_bmux.cpp"
T      2546  7871159  1557946584   394998206  1557946584   394998206 "obj_dir/Vfx68k_fx68k_bmux.h"
T    172064  7871144  1557946584   370997500  1557946584   370997500 "obj_dir/Vfx68k_fx68k_bmux_1313.cpp"
T      1758  7871143  1557946584   366997381  1557946584   366997381 "obj_dir/Vfx68k_fx68k_bmux_1313.h"
T    185249  7871150  1557946584   374997617  1557946584   374997617 "obj_dir/Vfx68k_fx68k_bmux_1502.cpp"
T      1971  7871149  1557946584   370997500  1557946584   370997500 "obj_dir/Vfx68k_fx68k_bmux_1502.h"
T     66669  7871162  1557946584   398998325  1557946584   398998325 "obj_dir/Vfx68k_fx68k_bmux_1840.cpp"
T      1609  7871161  1557946584   398998325  1557946584   398998325 "obj_dir/Vfx68k_fx68k_bmux_1840.h"
T   1043320  7871154  1557946584   394998206  1557946584   394998206 "obj_dir/Vfx68k_fx68k_bmux_1882.cpp"
T     19277  7871153  1557946584   374997617  1557946584   374997617 "obj_dir/Vfx68k_fx68k_bmux_1882.h"
T    709373  7871098  1557946584   334996439  1557946584   334996439 "obj_dir/Vfx68k_fx68k_bmux_1967.cpp"
T      1916  7871097  1557946584   318995967  1557946584   318995967 "obj_dir/Vfx68k_fx68k_bmux_1967.h"
T     64557  7871118  1557946584   354997028  1557946584   354997028 "obj_dir/Vfx68k_fx68k_bmux_299.cpp"
T      3062  7871117  1557946584   354997028  1557946584   354997028 "obj_dir/Vfx68k_fx68k_bmux_299.h"
T     45933  7871096  1557946584   318995967  1557946584   318995967 "obj_dir/Vfx68k_fx68k_bmux_3758.cpp"
T      1120  7871095  1557946584   318995967  1557946584   318995967 "obj_dir/Vfx68k_fx68k_bmux_3758.h"
T     50785  7871142  1557946584   366997381  1557946584   366997381 "obj_dir/Vfx68k_fx68k_mux_1002.cpp"
T      1831  7871141  1557946584   366997381  1557946584   366997381 "obj_dir/Vfx68k_fx68k_mux_1002.h"
T     65423  7871112  1557946584   354997028  1557946584   354997028 "obj_dir/Vfx68k_fx68k_mux_119.cpp"
T      1803  7871111  1557946584   354997028  1557946584   354997028 "obj_dir/Vfx68k_fx68k_mux_119.h"
T     19058  7871114  1557946584   354997028  1557946584   354997028 "obj_dir/Vfx68k_fx68k_mux_128.cpp"
T      1583  7871113  1557946584   354997028  1557946584   354997028 "obj_dir/Vfx68k_fx68k_mux_128.h"
T     10898  7871146  1557946584   370997500  1557946584   370997500 "obj_dir/Vfx68k_fx68k_mux_1371.cpp"
T      1403  7871145  1557946584   370997500  1557946584   370997500 "obj_dir/Vfx68k_fx68k_mux_1371.h"
T     11706  7871148  1557946584   370997500  1557946584   370997500 "obj_dir/Vfx68k_fx68k_mux_1423.cpp"
T      1403  7871147  1557946584   370997500  1557946584   370997500 "obj_dir/Vfx68k_fx68k_mux_1423.h"
T      1260  7871152  1557946584   374997617  1557946584   374997617 "obj_dir/Vfx68k_fx68k_mux_1529.cpp"
T      1248  7871151  1557946584   374997617  1557946584   374997617 "obj_dir/Vfx68k_fx68k_mux_1529.h"
T     48006  7871156  1557946584   394998206  1557946584   394998206 "obj_dir/Vfx68k_fx68k_mux_1906.cpp"
T      1357  7871155  1557946584   394998206  1557946584   394998206 "obj_dir/Vfx68k_fx68k_mux_1906.h"
T    515858  7871100  1557946584   346996792  1557946584   346996792 "obj_dir/Vfx68k_fx68k_mux_1995.cpp"
T      9572  7871099  1557946584   338996557  1557946584   338996557 "obj_dir/Vfx68k_fx68k_mux_1995.h"
T     59597  7871102  1557946584   346996792  1557946584   346996792 "obj_dir/Vfx68k_fx68k_mux_2306.cpp"
T      1431  7871101  1557946584   346996792  1557946584   346996792 "obj_dir/Vfx68k_fx68k_mux_2306.h"
T     69675  7871104  1557946584   346996792  1557946584   346996792 "obj_dir/Vfx68k_fx68k_mux_2428.cpp"
T      3152  7871103  1557946584   346996792  1557946584   346996792 "obj_dir/Vfx68k_fx68k_mux_2428.h"
T     28744  7871116  1557946584   354997028  1557946584   354997028 "obj_dir/Vfx68k_fx68k_mux_272.cpp"
T      1535  7871115  1557946584   354997028  1557946584   354997028 "obj_dir/Vfx68k_fx68k_mux_272.h"
T     29188  7871120  1557946584   354997028  1557946584   354997028 "obj_dir/Vfx68k_fx68k_mux_304.cpp"
T      1488  7871119  1557946584   354997028  1557946584   354997028 "obj_dir/Vfx68k_fx68k_mux_304.h"
T     71561  7871122  1557946584   358997146  1557946584   358997146 "obj_dir/Vfx68k_fx68k_mux_320.cpp"
T      2078  7871121  1557946584   358997146  1557946584   358997146 "obj_dir/Vfx68k_fx68k_mux_320.h"
T    112564  7871106  1557946584   350996911  1557946584   350996911 "obj_dir/Vfx68k_fx68k_mux_41.cpp"
T      3874  7871105  1557946584   346996792  1557946584   346996792 "obj_dir/Vfx68k_fx68k_mux_41.h"
T     73514  7871124  1557946584   358997146  1557946584   358997146 "obj_dir/Vfx68k_fx68k_mux_424.cpp"
T      1965  7871123  1557946584   358997146  1557946584   358997146 "obj_dir/Vfx68k_fx68k_mux_424.h"
T     81863  7871126  1557946584   362997264  1557946584   362997264 "obj_dir/Vfx68k_fx68k_mux_454.cpp"
T      2251  7871125  1557946584   358997146  1557946584   358997146 "obj_dir/Vfx68k_fx68k_mux_454.h"
T     81030  7871128  1557946584   362997264  1557946584   362997264 "obj_dir/Vfx68k_fx68k_mux_520.cpp"
T      2249  7871127  1557946584   362997264  1557946584   362997264 "obj_dir/Vfx68k_fx68k_mux_520.h"
T     27430  7871130  1557946584   362997264  1557946584   362997264 "obj_dir/Vfx68k_fx68k_mux_547.cpp"
T      1513  7871129  1557946584   362997264  1557946584   362997264 "obj_dir/Vfx68k_fx68k_mux_547.h"
T     45217  7871108  1557946584   350996911  1557946584   350996911 "obj_dir/Vfx68k_fx68k_mux_77.cpp"
T      2118  7871107  1557946584   350996911  1557946584   350996911 "obj_dir/Vfx68k_fx68k_mux_77.h"
T     25244  7871132  1557946584   362997264  1557946584   362997264 "obj_dir/Vfx68k_fx68k_mux_778.cpp"
T      1384  7871131  1557946584   362997264  1557946584   362997264 "obj_dir/Vfx68k_fx68k_mux_778.h"
T     36850  7871134  1557946584   362997264  1557946584   362997264 "obj_dir/Vfx68k_fx68k_mux_793.cpp"
T      1656  7871133  1557946584   362997264  1557946584   362997264 "obj_dir/Vfx68k_fx68k_mux_793.h"
T     32055  7871136  1557946584   362997264  1557946584   362997264 "obj_dir/Vfx68k_fx68k_mux_804.cpp"
T      1733  7871135  1557946584   362997264  1557946584   362997264 "obj_dir/Vfx68k_fx68k_mux_804.h"
T    103018  7871138  1557946584   366997381  1557946584   366997381 "obj_dir/Vfx68k_fx68k_mux_899.cpp"
T      2800  7871137  1557946584   362997264  1557946584   362997264 "obj_dir/Vfx68k_fx68k_mux_899.h"
T    143909  7871110  1557946584   354997028  1557946584   354997028 "obj_dir/Vfx68k_fx68k_mux_93.cpp"
T      3820  7871109  1557946584   350996911  1557946584   350996911 "obj_dir/Vfx68k_fx68k_mux_93.h"
T     29268  7871140  1557946584   366997381  1557946584   366997381 "obj_dir/Vfx68k_fx68k_mux_992.cpp"
T      1683  7871139  1557946584   366997381  1557946584   366997381 "obj_dir/Vfx68k_fx68k_mux_992.h"
